50 21
10 1000
00000000000000000000000000000000000000000000000000
00000000000000000000000000000000000000000000000000
00000000000000000000010010000000000000000000000000
00000000000000000000100000000000000000000000000000
00000000000000000000100010000000000000000000000000
00000000000011000000111100000000000000000000000000
00000000000111100000000000000000000000000000000000
00000000001101100000000000000000000000000000000000
00000000000110000011011100000000000000000000000000
00000000000000000100000110000000100001110000000000
00000000000000001100000001000000100001010000000000
00000000000000000100000110000000100001110000000000
00000000000110000011011100000000000000000000000000
00000000001101100000000000000000000000000000000000
00000000000111100000000000000000000000000000000000
00000000000011000000111100000000000000000000000000
00000000000000000000100010000000000000000000000000
00000000000000000000100000000000000000000000000000
00000000000000000000010010000000000000000000000000
00000000000000000000000000000000000000000000000000
00000000000000000000000000000000000000000000000000
