52 38
10 1000
0000000000000000000000000000000000000000000000000000
0000000000000000000000000000000000000000000000000000
0000000000000000000000000000000000000000000000000000
0000000000000000000000000000000100000000000000000000
0000000000000000000000000000000100000000000000000000
0000000000000000000000000000000111000000000000000000
0000000000000000000000011000000011000000000000000000
0000000000000000000000011001110011000000000000000000
0000000000000000000000000000011100000000000000000000
0000000000000000000000000000011100000000000000000000
0000000000000000000000001100000000000000000000000000
0000000000001110000000010010000000000000000000000000
0000000000001110000000010100000000000000000000000000
0000000000111001100010001000011100000000000000000000
0000000000000001100010000000000000000000000000000000
0000000000000011100010000000000000000000000000000000
0000000000000010000000000000000011000110000000000000
0000000000000010000000000011100100100110000000000000
0000000000000000001000000010100010100000000000000000
0000000000000000010100000010100001000000000000000000
0000000000000110010010000000000000000100000000000000
0000000000000110001100000000000000000100000000000000
0000000000000000000000000000000100011100000000000000
0000000000000000000000000000000100011000000000000000
0000000000000000000011100000000100011001110000000000
0000000000000000000000000001100000000111000000000000
0000000000000000000000000010010000000111000000000000
0000000000000000000000000010100000000000000000000000
0000000000000000000011100001000000000000000000000000
0000000000000000000011100000000000000000000000000000
0000000000000000001100111001100000000000000000000000
0000000000000000001100000001100000000000000000000000
0000000000000000001110000000000000000000000000000000
0000000000000000000010000000000000000000000000000000
0000000000000000000010000000000000000000000000000000
0000000000000000000000000000000000000000000000000000
0000000000000000000000000000000000000000000000000000
0000000000000000000000000000000000000000000000000000
